0,344
0,343
0,342
0,341
0,340
0,339
34,3
34,2
0,338
34,1
34,0
22,52
22,51
22,50
22,49
22,48
22,47
22,46
22,45
22,44
22,43
22,42
22,41
22,40
22,39
22,38
22,37
22,36
11,0
0,337
0,336
0,335
33,3
33,2
0,334
33,1
33,0
10,0
0,333
0,332
0,331
32,3
32,2
0,330
32,1
32,0
8,0
0,329
0,328
31,3
31,2
31,1
31,0
12,0
30,3
30,2
30,1
30,0
9,0
0,327
0,326
29,3
29,2
29,1
29,0
3,0
0,325
0,324
28,3
28,2
28,1
28,0
2,0
0,323
0,322
0,321
27,3
27,2
27,1
27,0
7,0
0,320
0,319
26,14
26,13
26,12
26,11
26,10
26,9
26,8
26,7
26,6
26,5
26,4
26,3
26,2
26,1
26,0
6,0
0,318
0,317
25,7
25,6
25,5
25,4
25,3
25,2
25,1
25,0
5,0
0,316
24,5
24,4
24,3
24,2
24,1
24,0
0,278
4,0
0,315
0,314
0,243
23,40
23,39
23,38
23,87
23,86
